21	80	78	78	0
2	-0.001	1
0	50
11	0.02
0	60
42	1
41	10000.0	0.001	1	5
41	6247.366095435289	0.001	1	5
41	3902.9583130394367	0.001	1	5
41	2438.3209436779885	0.001	1	5
41	1523.3083593323645	0.001	1	5
41	951.666499698617	0.001	1	5
41	594.5409024378718	0.001	1	5
41	371.43146762398595	0.001	1	5
41	232.046835761186	0.001	1	5
41	144.96815342874743	0.001	1	5
41	90.56691266486177	0.001	1	5
41	56.58046595507063	0.001	1	5
41	35.34788846716389	0.001	1	5
41	22.083119995498773	0.001	1	5
41	13.796133514130814	0.001	1	5
41	8.618949676427935	0.001	1	5
41	5.384573398677883	0.001	1	5
41	3.363940128928297	0.001	1	5
41	2.1015765508540856	0.001	1	5
41	1.3129318090767652	0.001	1	5
41	0.82023656696447	0.001	1	5
41	0.5124318118690067	0.001	1	5
41	0.3201349127692907	0.001	1	5
41	0.20000000000000004	0.001	1	5
42	0
11	0.1
0	60
42	1
41	10000.0	0.001	1	5
41	6247.366095435289	0.001	1	5
41	3902.9583130394367	0.001	1	5
41	2438.3209436779885	0.001	1	5
41	1523.3083593323645	0.001	1	5
41	951.666499698617	0.001	1	5
41	594.5409024378718	0.001	1	5
41	371.43146762398595	0.001	1	5
41	232.046835761186	0.001	1	5
41	144.96815342874743	0.001	1	5
41	90.56691266486177	0.001	1	5
41	56.58046595507063	0.001	1	5
41	35.34788846716389	0.001	1	5
41	22.083119995498773	0.001	1	5
41	13.796133514130814	0.001	1	5
41	8.618949676427935	0.001	1	5
41	5.384573398677883	0.001	1	5
41	3.363940128928297	0.001	1	5
41	2.1015765508540856	0.001	1	5
41	1.3129318090767652	0.001	1	5
41	0.82023656696447	0.001	1	5
41	0.5124318118690067	0.001	1	5
41	0.3201349127692907	0.001	1	5
41	0.20000000000000004	0.001	1	5
42	0
11	0.3
0	60
42	1
41	10000.0	0.001	1	5
41	6247.366095435289	0.001	1	5
41	3902.9583130394367	0.001	1	5
41	2438.3209436779885	0.001	1	5
41	1523.3083593323645	0.001	1	5
41	951.666499698617	0.001	1	5
41	594.5409024378718	0.001	1	5
41	371.43146762398595	0.001	1	5
41	232.046835761186	0.001	1	5
41	144.96815342874743	0.001	1	5
41	90.56691266486177	0.001	1	5
41	56.58046595507063	0.001	1	5
41	35.34788846716389	0.001	1	5
41	22.083119995498773	0.001	1	5
41	13.796133514130814	0.001	1	5
41	8.618949676427935	0.001	1	5
41	5.384573398677883	0.001	1	5
41	3.363940128928297	0.001	1	5
41	2.1015765508540856	0.001	1	5
41	1.3129318090767652	0.001	1	5
41	0.82023656696447	0.001	1	5
41	0.5124318118690067	0.001	1	5
41	0.3201349127692907	0.001	1	5
41	0.20000000000000004	0.001	1	5
42	0
11	0.5
0	60
42	1
41	10000.0	0.001	1	3
41	6247.366095435289	0.001	1	3
41	3902.9583130394367	0.001	1	3
41	2438.3209436779885	0.001	1	3
41	1523.3083593323645	0.001	1	3
41	951.666499698617	0.001	1	3
41	594.5409024378718	0.001	1	3
41	371.43146762398595	0.001	1	3
41	232.046835761186	0.001	1	3
41	144.96815342874743	0.001	1	3
41	90.56691266486177	0.001	1	3
41	56.58046595507063	0.001	1	3
41	35.34788846716389	0.001	1	3
41	22.083119995498773	0.001	1	3
41	13.796133514130814	0.001	1	3
41	8.618949676427935	0.001	1	3
41	5.384573398677883	0.001	1	3
41	3.363940128928297	0.001	1	3
41	2.1015765508540856	0.001	1	3
41	1.3129318090767652	0.001	1	3
41	0.82023656696447	0.001	1	3
41	0.5124318118690067	0.001	1	3
41	0.3201349127692907	0.001	1	3
41	0.20000000000000004	0.001	1	3
42	0
11	0.7
0	60
42	1
41	10000.0	0.001	1	3
41	6247.366095435289	0.001	1	3
41	3902.9583130394367	0.001	1	3
41	2438.3209436779885	0.001	1	3
41	1523.3083593323645	0.001	1	3
41	951.666499698617	0.001	1	3
41	594.5409024378718	0.001	1	3
41	371.43146762398595	0.001	1	3
41	232.046835761186	0.001	1	3
41	144.96815342874743	0.001	1	3
41	90.56691266486177	0.001	1	3
41	56.58046595507063	0.001	1	3
41	35.34788846716389	0.001	1	3
41	22.083119995498773	0.001	1	3
41	13.796133514130814	0.001	1	3
41	8.618949676427935	0.001	1	3
41	5.384573398677883	0.001	1	3
41	3.363940128928297	0.001	1	3
41	2.1015765508540856	0.001	1	3
41	1.3129318090767652	0.001	1	3
41	0.82023656696447	0.001	1	3
41	0.5124318118690067	0.001	1	3
41	0.3201349127692907	0.001	1	3
41	0.20000000000000004	0.001	1	3
42	0
11	0.8
0	60
42	1
41	10000.0	0.001	1	3
41	6247.366095435289	0.001	1	3
41	3902.9583130394367	0.001	1	3
41	2438.3209436779885	0.001	1	3
41	1523.3083593323645	0.001	1	3
41	951.666499698617	0.001	1	3
41	594.5409024378718	0.001	1	3
41	371.43146762398595	0.001	1	3
41	232.046835761186	0.001	1	3
41	144.96815342874743	0.001	1	3
41	90.56691266486177	0.001	1	3
41	56.58046595507063	0.001	1	3
41	35.34788846716389	0.001	1	3
41	22.083119995498773	0.001	1	3
41	13.796133514130814	0.001	1	3
41	8.618949676427935	0.001	1	3
41	5.384573398677883	0.001	1	3
41	3.363940128928297	0.001	1	3
41	2.1015765508540856	0.001	1	3
41	1.3129318090767652	0.001	1	3
41	0.82023656696447	0.001	1	3
41	0.5124318118690067	0.001	1	3
41	0.3201349127692907	0.001	1	3
41	0.20000000000000004	0.001	1	3
42	0
11	0.9
0	60
42	1
41	10000.0	0.001	1	1
41	6247.366095435289	0.001	1	1
41	3902.9583130394367	0.001	1	1
41	2438.3209436779885	0.001	1	1
41	1523.3083593323645	0.001	1	1
41	951.666499698617	0.001	1	1
41	594.5409024378718	0.001	1	1
41	371.43146762398595	0.001	1	1
41	232.046835761186	0.001	1	1
41	144.96815342874743	0.001	1	1
41	90.56691266486177	0.001	1	1
41	56.58046595507063	0.001	1	1
41	35.34788846716389	0.001	1	1
41	22.083119995498773	0.001	1	1
41	13.796133514130814	0.001	1	1
41	8.618949676427935	0.001	1	1
41	5.384573398677883	0.001	1	1
41	3.363940128928297	0.001	1	1
41	2.1015765508540856	0.001	1	1
41	1.3129318090767652	0.001	1	1
41	0.82023656696447	0.001	1	1
41	0.5124318118690067	0.001	1	1
41	0.3201349127692907	0.001	1	1
41	0.20000000000000004	0.001	1	1
42	0
11	1.0
0	60
42	1
41	10000.0	0.001	1	1
41	6247.366095435289	0.001	1	1
41	3902.9583130394367	0.001	1	1
41	2438.3209436779885	0.001	1	1
41	1523.3083593323645	0.001	1	1
41	951.666499698617	0.001	1	1
41	594.5409024378718	0.001	1	1
41	371.43146762398595	0.001	1	1
41	232.046835761186	0.001	1	1
41	144.96815342874743	0.001	1	1
41	90.56691266486177	0.001	1	1
41	56.58046595507063	0.001	1	1
41	35.34788846716389	0.001	1	1
41	22.083119995498773	0.001	1	1
41	13.796133514130814	0.001	1	1
41	8.618949676427935	0.001	1	1
41	5.384573398677883	0.001	1	1
41	3.363940128928297	0.001	1	1
41	2.1015765508540856	0.001	1	1
41	1.3129318090767652	0.001	1	1
41	0.82023656696447	0.001	1	1
41	0.5124318118690067	0.001	1	1
41	0.3201349127692907	0.001	1	1
41	0.20000000000000004	0.001	1	1
42	0
11	1.1
0	60
42	1
41	10000.0	0.001	1	1
41	6247.366095435289	0.001	1	1
41	3902.9583130394367	0.001	1	1
41	2438.3209436779885	0.001	1	1
41	1523.3083593323645	0.001	1	1
41	951.666499698617	0.001	1	1
41	594.5409024378718	0.001	1	1
41	371.43146762398595	0.001	1	1
41	232.046835761186	0.001	1	1
41	144.96815342874743	0.001	1	1
41	90.56691266486177	0.001	1	1
41	56.58046595507063	0.001	1	1
41	35.34788846716389	0.001	1	1
41	22.083119995498773	0.001	1	1
41	13.796133514130814	0.001	1	1
41	8.618949676427935	0.001	1	1
41	5.384573398677883	0.001	1	1
41	3.363940128928297	0.001	1	1
41	2.1015765508540856	0.001	1	1
41	1.3129318090767652	0.001	1	1
41	0.82023656696447	0.001	1	1
41	0.5124318118690067	0.001	1	1
41	0.3201349127692907	0.001	1	1
41	0.20000000000000004	0.001	1	1
42	0
11	1.2
0	60
42	1
41	10000.0	0.001	1	1
41	6247.366095435289	0.001	1	1
41	3902.9583130394367	0.001	1	1
41	2438.3209436779885	0.001	1	1
41	1523.3083593323645	0.001	1	1
41	951.666499698617	0.001	1	1
41	594.5409024378718	0.001	1	1
41	371.43146762398595	0.001	1	1
41	232.046835761186	0.001	1	1
41	144.96815342874743	0.001	1	1
41	90.56691266486177	0.001	1	1
41	56.58046595507063	0.001	1	1
41	35.34788846716389	0.001	1	1
41	22.083119995498773	0.001	1	1
41	13.796133514130814	0.001	1	1
41	8.618949676427935	0.001	1	1
41	5.384573398677883	0.001	1	1
41	3.363940128928297	0.001	1	1
41	2.1015765508540856	0.001	1	1
41	1.3129318090767652	0.001	1	1
41	0.82023656696447	0.001	1	1
41	0.5124318118690067	0.001	1	1
41	0.3201349127692907	0.001	1	1
41	0.20000000000000004	0.001	1	1
42	0
2	-0.05	2
0	50
2	-0.05	2
0	50
2	-0.05	2
0	50
2	-0.05	2
0	50
2	-0.05	2
0	50
2	0.6
21	80	80	78	0
-1	600
2	-0.001	1
0	50
11	0.02
0	60
42	1
41	10000.0	0.001	1	5
41	6247.366095435289	0.001	1	5
41	3902.9583130394367	0.001	1	5
41	2438.3209436779885	0.001	1	5
41	1523.3083593323645	0.001	1	5
41	951.666499698617	0.001	1	5
41	594.5409024378718	0.001	1	5
41	371.43146762398595	0.001	1	5
41	232.046835761186	0.001	1	5
41	144.96815342874743	0.001	1	5
41	90.56691266486177	0.001	1	5
41	56.58046595507063	0.001	1	5
41	35.34788846716389	0.001	1	5
41	22.083119995498773	0.001	1	5
41	13.796133514130814	0.001	1	5
41	8.618949676427935	0.001	1	5
41	5.384573398677883	0.001	1	5
41	3.363940128928297	0.001	1	5
41	2.1015765508540856	0.001	1	5
41	1.3129318090767652	0.001	1	5
41	0.82023656696447	0.001	1	5
41	0.5124318118690067	0.001	1	5
41	0.3201349127692907	0.001	1	5
41	0.20000000000000004	0.001	1	5
42	0
11	0.1
0	60
42	1
41	10000.0	0.001	1	5
41	6247.366095435289	0.001	1	5
41	3902.9583130394367	0.001	1	5
41	2438.3209436779885	0.001	1	5
41	1523.3083593323645	0.001	1	5
41	951.666499698617	0.001	1	5
41	594.5409024378718	0.001	1	5
41	371.43146762398595	0.001	1	5
41	232.046835761186	0.001	1	5
41	144.96815342874743	0.001	1	5
41	90.56691266486177	0.001	1	5
41	56.58046595507063	0.001	1	5
41	35.34788846716389	0.001	1	5
41	22.083119995498773	0.001	1	5
41	13.796133514130814	0.001	1	5
41	8.618949676427935	0.001	1	5
41	5.384573398677883	0.001	1	5
41	3.363940128928297	0.001	1	5
41	2.1015765508540856	0.001	1	5
41	1.3129318090767652	0.001	1	5
41	0.82023656696447	0.001	1	5
41	0.5124318118690067	0.001	1	5
41	0.3201349127692907	0.001	1	5
41	0.20000000000000004	0.001	1	5
42	0
11	0.3
0	60
42	1
41	10000.0	0.001	1	5
41	6247.366095435289	0.001	1	5
41	3902.9583130394367	0.001	1	5
41	2438.3209436779885	0.001	1	5
41	1523.3083593323645	0.001	1	5
41	951.666499698617	0.001	1	5
41	594.5409024378718	0.001	1	5
41	371.43146762398595	0.001	1	5
41	232.046835761186	0.001	1	5
41	144.96815342874743	0.001	1	5
41	90.56691266486177	0.001	1	5
41	56.58046595507063	0.001	1	5
41	35.34788846716389	0.001	1	5
41	22.083119995498773	0.001	1	5
41	13.796133514130814	0.001	1	5
41	8.618949676427935	0.001	1	5
41	5.384573398677883	0.001	1	5
41	3.363940128928297	0.001	1	5
41	2.1015765508540856	0.001	1	5
41	1.3129318090767652	0.001	1	5
41	0.82023656696447	0.001	1	5
41	0.5124318118690067	0.001	1	5
41	0.3201349127692907	0.001	1	5
41	0.20000000000000004	0.001	1	5
42	0
11	0.5
0	60
42	1
41	10000.0	0.001	1	3
41	6247.366095435289	0.001	1	3
41	3902.9583130394367	0.001	1	3
41	2438.3209436779885	0.001	1	3
41	1523.3083593323645	0.001	1	3
41	951.666499698617	0.001	1	3
41	594.5409024378718	0.001	1	3
41	371.43146762398595	0.001	1	3
41	232.046835761186	0.001	1	3
41	144.96815342874743	0.001	1	3
41	90.56691266486177	0.001	1	3
41	56.58046595507063	0.001	1	3
41	35.34788846716389	0.001	1	3
41	22.083119995498773	0.001	1	3
41	13.796133514130814	0.001	1	3
41	8.618949676427935	0.001	1	3
41	5.384573398677883	0.001	1	3
41	3.363940128928297	0.001	1	3
41	2.1015765508540856	0.001	1	3
41	1.3129318090767652	0.001	1	3
41	0.82023656696447	0.001	1	3
41	0.5124318118690067	0.001	1	3
41	0.3201349127692907	0.001	1	3
41	0.20000000000000004	0.001	1	3
42	0
11	0.7
0	60
42	1
41	10000.0	0.001	1	3
41	6247.366095435289	0.001	1	3
41	3902.9583130394367	0.001	1	3
41	2438.3209436779885	0.001	1	3
41	1523.3083593323645	0.001	1	3
41	951.666499698617	0.001	1	3
41	594.5409024378718	0.001	1	3
41	371.43146762398595	0.001	1	3
41	232.046835761186	0.001	1	3
41	144.96815342874743	0.001	1	3
41	90.56691266486177	0.001	1	3
41	56.58046595507063	0.001	1	3
41	35.34788846716389	0.001	1	3
41	22.083119995498773	0.001	1	3
41	13.796133514130814	0.001	1	3
41	8.618949676427935	0.001	1	3
41	5.384573398677883	0.001	1	3
41	3.363940128928297	0.001	1	3
41	2.1015765508540856	0.001	1	3
41	1.3129318090767652	0.001	1	3
41	0.82023656696447	0.001	1	3
41	0.5124318118690067	0.001	1	3
41	0.3201349127692907	0.001	1	3
41	0.20000000000000004	0.001	1	3
42	0
11	0.8
0	60
42	1
41	10000.0	0.001	1	3
41	6247.366095435289	0.001	1	3
41	3902.9583130394367	0.001	1	3
41	2438.3209436779885	0.001	1	3
41	1523.3083593323645	0.001	1	3
41	951.666499698617	0.001	1	3
41	594.5409024378718	0.001	1	3
41	371.43146762398595	0.001	1	3
41	232.046835761186	0.001	1	3
41	144.96815342874743	0.001	1	3
41	90.56691266486177	0.001	1	3
41	56.58046595507063	0.001	1	3
41	35.34788846716389	0.001	1	3
41	22.083119995498773	0.001	1	3
41	13.796133514130814	0.001	1	3
41	8.618949676427935	0.001	1	3
41	5.384573398677883	0.001	1	3
41	3.363940128928297	0.001	1	3
41	2.1015765508540856	0.001	1	3
41	1.3129318090767652	0.001	1	3
41	0.82023656696447	0.001	1	3
41	0.5124318118690067	0.001	1	3
41	0.3201349127692907	0.001	1	3
41	0.20000000000000004	0.001	1	3
42	0
11	0.9
0	60
42	1
41	10000.0	0.001	1	1
41	6247.366095435289	0.001	1	1
41	3902.9583130394367	0.001	1	1
41	2438.3209436779885	0.001	1	1
41	1523.3083593323645	0.001	1	1
41	951.666499698617	0.001	1	1
41	594.5409024378718	0.001	1	1
41	371.43146762398595	0.001	1	1
41	232.046835761186	0.001	1	1
41	144.96815342874743	0.001	1	1
41	90.56691266486177	0.001	1	1
41	56.58046595507063	0.001	1	1
41	35.34788846716389	0.001	1	1
41	22.083119995498773	0.001	1	1
41	13.796133514130814	0.001	1	1
41	8.618949676427935	0.001	1	1
41	5.384573398677883	0.001	1	1
41	3.363940128928297	0.001	1	1
41	2.1015765508540856	0.001	1	1
41	1.3129318090767652	0.001	1	1
41	0.82023656696447	0.001	1	1
41	0.5124318118690067	0.001	1	1
41	0.3201349127692907	0.001	1	1
41	0.20000000000000004	0.001	1	1
42	0
11	1.0
0	60
42	1
41	10000.0	0.001	1	1
41	6247.366095435289	0.001	1	1
41	3902.9583130394367	0.001	1	1
41	2438.3209436779885	0.001	1	1
41	1523.3083593323645	0.001	1	1
41	951.666499698617	0.001	1	1
41	594.5409024378718	0.001	1	1
41	371.43146762398595	0.001	1	1
41	232.046835761186	0.001	1	1
41	144.96815342874743	0.001	1	1
41	90.56691266486177	0.001	1	1
41	56.58046595507063	0.001	1	1
41	35.34788846716389	0.001	1	1
41	22.083119995498773	0.001	1	1
41	13.796133514130814	0.001	1	1
41	8.618949676427935	0.001	1	1
41	5.384573398677883	0.001	1	1
41	3.363940128928297	0.001	1	1
41	2.1015765508540856	0.001	1	1
41	1.3129318090767652	0.001	1	1
41	0.82023656696447	0.001	1	1
41	0.5124318118690067	0.001	1	1
41	0.3201349127692907	0.001	1	1
41	0.20000000000000004	0.001	1	1
42	0
11	1.1
0	60
42	1
41	10000.0	0.001	1	1
41	6247.366095435289	0.001	1	1
41	3902.9583130394367	0.001	1	1
41	2438.3209436779885	0.001	1	1
41	1523.3083593323645	0.001	1	1
41	951.666499698617	0.001	1	1
41	594.5409024378718	0.001	1	1
41	371.43146762398595	0.001	1	1
41	232.046835761186	0.001	1	1
41	144.96815342874743	0.001	1	1
41	90.56691266486177	0.001	1	1
41	56.58046595507063	0.001	1	1
41	35.34788846716389	0.001	1	1
41	22.083119995498773	0.001	1	1
41	13.796133514130814	0.001	1	1
41	8.618949676427935	0.001	1	1
41	5.384573398677883	0.001	1	1
41	3.363940128928297	0.001	1	1
41	2.1015765508540856	0.001	1	1
41	1.3129318090767652	0.001	1	1
41	0.82023656696447	0.001	1	1
41	0.5124318118690067	0.001	1	1
41	0.3201349127692907	0.001	1	1
41	0.20000000000000004	0.001	1	1
42	0
11	1.2
0	60
42	1
41	10000.0	0.001	1	1
41	6247.366095435289	0.001	1	1
41	3902.9583130394367	0.001	1	1
41	2438.3209436779885	0.001	1	1
41	1523.3083593323645	0.001	1	1
41	951.666499698617	0.001	1	1
41	594.5409024378718	0.001	1	1
41	371.43146762398595	0.001	1	1
41	232.046835761186	0.001	1	1
41	144.96815342874743	0.001	1	1
41	90.56691266486177	0.001	1	1
41	56.58046595507063	0.001	1	1
41	35.34788846716389	0.001	1	1
41	22.083119995498773	0.001	1	1
41	13.796133514130814	0.001	1	1
41	8.618949676427935	0.001	1	1
41	5.384573398677883	0.001	1	1
41	3.363940128928297	0.001	1	1
41	2.1015765508540856	0.001	1	1
41	1.3129318090767652	0.001	1	1
41	0.82023656696447	0.001	1	1
41	0.5124318118690067	0.001	1	1
41	0.3201349127692907	0.001	1	1
41	0.20000000000000004	0.001	1	1
42	0
2	-0.05	2
0	50
2	-0.05	2
0	50
2	-0.05	2
0	50
2	-0.05	2
0	50
2	-0.05	2
0	50
2	0.6
21	80	76	79	0
-1	600
2	-0.001	1
0	50
11	0.1
0	60
42	1
41	10000.0	0.001	1	5
41	6247.366095435289	0.001	1	5
41	3902.9583130394367	0.001	1	5
41	2438.3209436779885	0.001	1	5
41	1523.3083593323645	0.001	1	5
41	951.666499698617	0.001	1	5
41	594.5409024378718	0.001	1	5
41	371.43146762398595	0.001	1	5
41	232.046835761186	0.001	1	5
41	144.96815342874743	0.001	1	5
41	90.56691266486177	0.001	1	5
41	56.58046595507063	0.001	1	5
41	35.34788846716389	0.001	1	5
41	22.083119995498773	0.001	1	5
41	13.796133514130814	0.001	1	5
41	8.618949676427935	0.001	1	5
41	5.384573398677883	0.001	1	5
41	3.363940128928297	0.001	1	5
41	2.1015765508540856	0.001	1	5
41	1.3129318090767652	0.001	1	5
41	0.82023656696447	0.001	1	5
41	0.5124318118690067	0.001	1	5
41	0.3201349127692907	0.001	1	5
41	0.20000000000000004	0.001	1	5
42	0
11	0.2
0	60
42	1
41	10000.0	0.001	1	5
41	6247.366095435289	0.001	1	5
41	3902.9583130394367	0.001	1	5
41	2438.3209436779885	0.001	1	5
41	1523.3083593323645	0.001	1	5
41	951.666499698617	0.001	1	5
41	594.5409024378718	0.001	1	5
41	371.43146762398595	0.001	1	5
41	232.046835761186	0.001	1	5
41	144.96815342874743	0.001	1	5
41	90.56691266486177	0.001	1	5
41	56.58046595507063	0.001	1	5
41	35.34788846716389	0.001	1	5
41	22.083119995498773	0.001	1	5
41	13.796133514130814	0.001	1	5
41	8.618949676427935	0.001	1	5
41	5.384573398677883	0.001	1	5
41	3.363940128928297	0.001	1	5
41	2.1015765508540856	0.001	1	5
41	1.3129318090767652	0.001	1	5
41	0.82023656696447	0.001	1	5
41	0.5124318118690067	0.001	1	5
41	0.3201349127692907	0.001	1	5
41	0.20000000000000004	0.001	1	5
42	0
11	0.3
0	60
42	1
41	10000.0	0.001	1	5
41	6247.366095435289	0.001	1	5
41	3902.9583130394367	0.001	1	5
41	2438.3209436779885	0.001	1	5
41	1523.3083593323645	0.001	1	5
41	951.666499698617	0.001	1	5
41	594.5409024378718	0.001	1	5
41	371.43146762398595	0.001	1	5
41	232.046835761186	0.001	1	5
41	144.96815342874743	0.001	1	5
41	90.56691266486177	0.001	1	5
41	56.58046595507063	0.001	1	5
41	35.34788846716389	0.001	1	5
41	22.083119995498773	0.001	1	5
41	13.796133514130814	0.001	1	5
41	8.618949676427935	0.001	1	5
41	5.384573398677883	0.001	1	5
41	3.363940128928297	0.001	1	5
41	2.1015765508540856	0.001	1	5
41	1.3129318090767652	0.001	1	5
41	0.82023656696447	0.001	1	5
41	0.5124318118690067	0.001	1	5
41	0.3201349127692907	0.001	1	5
41	0.20000000000000004	0.001	1	5
42	0
11	0.5
0	60
42	1
41	10000.0	0.001	1	3
41	6247.366095435289	0.001	1	3
41	3902.9583130394367	0.001	1	3
41	2438.3209436779885	0.001	1	3
41	1523.3083593323645	0.001	1	3
41	951.666499698617	0.001	1	3
41	594.5409024378718	0.001	1	3
41	371.43146762398595	0.001	1	3
41	232.046835761186	0.001	1	3
41	144.96815342874743	0.001	1	3
41	90.56691266486177	0.001	1	3
41	56.58046595507063	0.001	1	3
41	35.34788846716389	0.001	1	3
41	22.083119995498773	0.001	1	3
41	13.796133514130814	0.001	1	3
41	8.618949676427935	0.001	1	3
41	5.384573398677883	0.001	1	3
41	3.363940128928297	0.001	1	3
41	2.1015765508540856	0.001	1	3
41	1.3129318090767652	0.001	1	3
41	0.82023656696447	0.001	1	3
41	0.5124318118690067	0.001	1	3
41	0.3201349127692907	0.001	1	3
41	0.20000000000000004	0.001	1	3
42	0
11	0.7
0	60
42	1
41	10000.0	0.001	1	1
41	6247.366095435289	0.001	1	1
41	3902.9583130394367	0.001	1	1
41	2438.3209436779885	0.001	1	1
41	1523.3083593323645	0.001	1	1
41	951.666499698617	0.001	1	1
41	594.5409024378718	0.001	1	1
41	371.43146762398595	0.001	1	1
41	232.046835761186	0.001	1	1
41	144.96815342874743	0.001	1	1
41	90.56691266486177	0.001	1	1
41	56.58046595507063	0.001	1	1
41	35.34788846716389	0.001	1	1
41	22.083119995498773	0.001	1	1
41	13.796133514130814	0.001	1	1
41	8.618949676427935	0.001	1	1
41	5.384573398677883	0.001	1	1
41	3.363940128928297	0.001	1	1
41	2.1015765508540856	0.001	1	1
41	1.3129318090767652	0.001	1	1
41	0.82023656696447	0.001	1	1
41	0.5124318118690067	0.001	1	1
41	0.3201349127692907	0.001	1	1
41	0.20000000000000004	0.001	1	1
42	0
11	0.9
0	60
42	1
41	10000.0	0.001	1	1
41	6247.366095435289	0.001	1	1
41	3902.9583130394367	0.001	1	1
41	2438.3209436779885	0.001	1	1
41	1523.3083593323645	0.001	1	1
41	951.666499698617	0.001	1	1
41	594.5409024378718	0.001	1	1
41	371.43146762398595	0.001	1	1
41	232.046835761186	0.001	1	1
41	144.96815342874743	0.001	1	1
41	90.56691266486177	0.001	1	1
41	56.58046595507063	0.001	1	1
41	35.34788846716389	0.001	1	1
41	22.083119995498773	0.001	1	1
41	13.796133514130814	0.001	1	1
41	8.618949676427935	0.001	1	1
41	5.384573398677883	0.001	1	1
41	3.363940128928297	0.001	1	1
41	2.1015765508540856	0.001	1	1
41	1.3129318090767652	0.001	1	1
41	0.82023656696447	0.001	1	1
41	0.5124318118690067	0.001	1	1
41	0.3201349127692907	0.001	1	1
41	0.20000000000000004	0.001	1	1
42	0
11	1.1
0	60
42	1
41	10000.0	0.001	1	1
41	6247.366095435289	0.001	1	1
41	3902.9583130394367	0.001	1	1
41	2438.3209436779885	0.001	1	1
41	1523.3083593323645	0.001	1	1
41	951.666499698617	0.001	1	1
41	594.5409024378718	0.001	1	1
41	371.43146762398595	0.001	1	1
41	232.046835761186	0.001	1	1
41	144.96815342874743	0.001	1	1
41	90.56691266486177	0.001	1	1
41	56.58046595507063	0.001	1	1
41	35.34788846716389	0.001	1	1
41	22.083119995498773	0.001	1	1
41	13.796133514130814	0.001	1	1
41	8.618949676427935	0.001	1	1
41	5.384573398677883	0.001	1	1
41	3.363940128928297	0.001	1	1
41	2.1015765508540856	0.001	1	1
41	1.3129318090767652	0.001	1	1
41	0.82023656696447	0.001	1	1
41	0.5124318118690067	0.001	1	1
41	0.3201349127692907	0.001	1	1
41	0.20000000000000004	0.001	1	1
42	0
2	-0.05	2
0	50
2	-0.05	2
0	50
2	-0.05	2
0	50
2	-0.05	2
0	50
2	-0.05	2
0	50
2	-0.05	2
0	50
2	0.6
21	80	78	75	0
-1	600
2	-0.001	1
0	50
11	0.1
0	60
42	1
41	10000.0	0.001	1	5
41	6247.366095435289	0.001	1	5
41	3902.9583130394367	0.001	1	5
41	2438.3209436779885	0.001	1	5
41	1523.3083593323645	0.001	1	5
41	951.666499698617	0.001	1	5
41	594.5409024378718	0.001	1	5
41	371.43146762398595	0.001	1	5
41	232.046835761186	0.001	1	5
41	144.96815342874743	0.001	1	5
41	90.56691266486177	0.001	1	5
41	56.58046595507063	0.001	1	5
41	35.34788846716389	0.001	1	5
41	22.083119995498773	0.001	1	5
41	13.796133514130814	0.001	1	5
41	8.618949676427935	0.001	1	5
41	5.384573398677883	0.001	1	5
41	3.363940128928297	0.001	1	5
41	2.1015765508540856	0.001	1	5
41	1.3129318090767652	0.001	1	5
41	0.82023656696447	0.001	1	5
41	0.5124318118690067	0.001	1	5
41	0.3201349127692907	0.001	1	5
41	0.20000000000000004	0.001	1	5
42	0
11	0.2
0	60
42	1
41	10000.0	0.001	1	5
41	6247.366095435289	0.001	1	5
41	3902.9583130394367	0.001	1	5
41	2438.3209436779885	0.001	1	5
41	1523.3083593323645	0.001	1	5
41	951.666499698617	0.001	1	5
41	594.5409024378718	0.001	1	5
41	371.43146762398595	0.001	1	5
41	232.046835761186	0.001	1	5
41	144.96815342874743	0.001	1	5
41	90.56691266486177	0.001	1	5
41	56.58046595507063	0.001	1	5
41	35.34788846716389	0.001	1	5
41	22.083119995498773	0.001	1	5
41	13.796133514130814	0.001	1	5
41	8.618949676427935	0.001	1	5
41	5.384573398677883	0.001	1	5
41	3.363940128928297	0.001	1	5
41	2.1015765508540856	0.001	1	5
41	1.3129318090767652	0.001	1	5
41	0.82023656696447	0.001	1	5
41	0.5124318118690067	0.001	1	5
41	0.3201349127692907	0.001	1	5
41	0.20000000000000004	0.001	1	5
42	0
11	0.3
0	60
42	1
41	10000.0	0.001	1	5
41	6247.366095435289	0.001	1	5
41	3902.9583130394367	0.001	1	5
41	2438.3209436779885	0.001	1	5
41	1523.3083593323645	0.001	1	5
41	951.666499698617	0.001	1	5
41	594.5409024378718	0.001	1	5
41	371.43146762398595	0.001	1	5
41	232.046835761186	0.001	1	5
41	144.96815342874743	0.001	1	5
41	90.56691266486177	0.001	1	5
41	56.58046595507063	0.001	1	5
41	35.34788846716389	0.001	1	5
41	22.083119995498773	0.001	1	5
41	13.796133514130814	0.001	1	5
41	8.618949676427935	0.001	1	5
41	5.384573398677883	0.001	1	5
41	3.363940128928297	0.001	1	5
41	2.1015765508540856	0.001	1	5
41	1.3129318090767652	0.001	1	5
41	0.82023656696447	0.001	1	5
41	0.5124318118690067	0.001	1	5
41	0.3201349127692907	0.001	1	5
41	0.20000000000000004	0.001	1	5
42	0
11	0.5
0	60
42	1
41	10000.0	0.001	1	3
41	6247.366095435289	0.001	1	3
41	3902.9583130394367	0.001	1	3
41	2438.3209436779885	0.001	1	3
41	1523.3083593323645	0.001	1	3
41	951.666499698617	0.001	1	3
41	594.5409024378718	0.001	1	3
41	371.43146762398595	0.001	1	3
41	232.046835761186	0.001	1	3
41	144.96815342874743	0.001	1	3
41	90.56691266486177	0.001	1	3
41	56.58046595507063	0.001	1	3
41	35.34788846716389	0.001	1	3
41	22.083119995498773	0.001	1	3
41	13.796133514130814	0.001	1	3
41	8.618949676427935	0.001	1	3
41	5.384573398677883	0.001	1	3
41	3.363940128928297	0.001	1	3
41	2.1015765508540856	0.001	1	3
41	1.3129318090767652	0.001	1	3
41	0.82023656696447	0.001	1	3
41	0.5124318118690067	0.001	1	3
41	0.3201349127692907	0.001	1	3
41	0.20000000000000004	0.001	1	3
42	0
11	0.7
0	60
42	1
41	10000.0	0.001	1	1
41	6247.366095435289	0.001	1	1
41	3902.9583130394367	0.001	1	1
41	2438.3209436779885	0.001	1	1
41	1523.3083593323645	0.001	1	1
41	951.666499698617	0.001	1	1
41	594.5409024378718	0.001	1	1
41	371.43146762398595	0.001	1	1
41	232.046835761186	0.001	1	1
41	144.96815342874743	0.001	1	1
41	90.56691266486177	0.001	1	1
41	56.58046595507063	0.001	1	1
41	35.34788846716389	0.001	1	1
41	22.083119995498773	0.001	1	1
41	13.796133514130814	0.001	1	1
41	8.618949676427935	0.001	1	1
41	5.384573398677883	0.001	1	1
41	3.363940128928297	0.001	1	1
41	2.1015765508540856	0.001	1	1
41	1.3129318090767652	0.001	1	1
41	0.82023656696447	0.001	1	1
41	0.5124318118690067	0.001	1	1
41	0.3201349127692907	0.001	1	1
41	0.20000000000000004	0.001	1	1
42	0
11	0.9
0	60
42	1
41	10000.0	0.001	1	1
41	6247.366095435289	0.001	1	1
41	3902.9583130394367	0.001	1	1
41	2438.3209436779885	0.001	1	1
41	1523.3083593323645	0.001	1	1
41	951.666499698617	0.001	1	1
41	594.5409024378718	0.001	1	1
41	371.43146762398595	0.001	1	1
41	232.046835761186	0.001	1	1
41	144.96815342874743	0.001	1	1
41	90.56691266486177	0.001	1	1
41	56.58046595507063	0.001	1	1
41	35.34788846716389	0.001	1	1
41	22.083119995498773	0.001	1	1
41	13.796133514130814	0.001	1	1
41	8.618949676427935	0.001	1	1
41	5.384573398677883	0.001	1	1
41	3.363940128928297	0.001	1	1
41	2.1015765508540856	0.001	1	1
41	1.3129318090767652	0.001	1	1
41	0.82023656696447	0.001	1	1
41	0.5124318118690067	0.001	1	1
41	0.3201349127692907	0.001	1	1
41	0.20000000000000004	0.001	1	1
42	0
11	1.1
0	60
42	1
41	10000.0	0.001	1	1
41	6247.366095435289	0.001	1	1
41	3902.9583130394367	0.001	1	1
41	2438.3209436779885	0.001	1	1
41	1523.3083593323645	0.001	1	1
41	951.666499698617	0.001	1	1
41	594.5409024378718	0.001	1	1
41	371.43146762398595	0.001	1	1
41	232.046835761186	0.001	1	1
41	144.96815342874743	0.001	1	1
41	90.56691266486177	0.001	1	1
41	56.58046595507063	0.001	1	1
41	35.34788846716389	0.001	1	1
41	22.083119995498773	0.001	1	1
41	13.796133514130814	0.001	1	1
41	8.618949676427935	0.001	1	1
41	5.384573398677883	0.001	1	1
41	3.363940128928297	0.001	1	1
41	2.1015765508540856	0.001	1	1
41	1.3129318090767652	0.001	1	1
41	0.82023656696447	0.001	1	1
41	0.5124318118690067	0.001	1	1
41	0.3201349127692907	0.001	1	1
41	0.20000000000000004	0.001	1	1
42	0
2	-0.05	2
0	50
2	-0.05	2
0	50
2	-0.05	2
0	50
2	-0.05	2
0	50
2	-0.05	2
0	50
2	-0.05	2
0	50
2	0.6
21	80	74	77	0
-1	600
2	-0.001	1
0	50
11	0.1
0	60
42	1
41	10000.0	0.001	1	5
41	6247.366095435289	0.001	1	5
41	3902.9583130394367	0.001	1	5
41	2438.3209436779885	0.001	1	5
41	1523.3083593323645	0.001	1	5
41	951.666499698617	0.001	1	5
41	594.5409024378718	0.001	1	5
41	371.43146762398595	0.001	1	5
41	232.046835761186	0.001	1	5
41	144.96815342874743	0.001	1	5
41	90.56691266486177	0.001	1	5
41	56.58046595507063	0.001	1	5
41	35.34788846716389	0.001	1	5
41	22.083119995498773	0.001	1	5
41	13.796133514130814	0.001	1	5
41	8.618949676427935	0.001	1	5
41	5.384573398677883	0.001	1	5
41	3.363940128928297	0.001	1	5
41	2.1015765508540856	0.001	1	5
41	1.3129318090767652	0.001	1	5
41	0.82023656696447	0.001	1	5
41	0.5124318118690067	0.001	1	5
41	0.3201349127692907	0.001	1	5
41	0.20000000000000004	0.001	1	5
42	0
11	0.2
0	60
42	1
41	10000.0	0.001	1	5
41	6247.366095435289	0.001	1	5
41	3902.9583130394367	0.001	1	5
41	2438.3209436779885	0.001	1	5
41	1523.3083593323645	0.001	1	5
41	951.666499698617	0.001	1	5
41	594.5409024378718	0.001	1	5
41	371.43146762398595	0.001	1	5
41	232.046835761186	0.001	1	5
41	144.96815342874743	0.001	1	5
41	90.56691266486177	0.001	1	5
41	56.58046595507063	0.001	1	5
41	35.34788846716389	0.001	1	5
41	22.083119995498773	0.001	1	5
41	13.796133514130814	0.001	1	5
41	8.618949676427935	0.001	1	5
41	5.384573398677883	0.001	1	5
41	3.363940128928297	0.001	1	5
41	2.1015765508540856	0.001	1	5
41	1.3129318090767652	0.001	1	5
41	0.82023656696447	0.001	1	5
41	0.5124318118690067	0.001	1	5
41	0.3201349127692907	0.001	1	5
41	0.20000000000000004	0.001	1	5
42	0
11	0.3
0	60
42	1
41	10000.0	0.001	1	5
41	6247.366095435289	0.001	1	5
41	3902.9583130394367	0.001	1	5
41	2438.3209436779885	0.001	1	5
41	1523.3083593323645	0.001	1	5
41	951.666499698617	0.001	1	5
41	594.5409024378718	0.001	1	5
41	371.43146762398595	0.001	1	5
41	232.046835761186	0.001	1	5
41	144.96815342874743	0.001	1	5
41	90.56691266486177	0.001	1	5
41	56.58046595507063	0.001	1	5
41	35.34788846716389	0.001	1	5
41	22.083119995498773	0.001	1	5
41	13.796133514130814	0.001	1	5
41	8.618949676427935	0.001	1	5
41	5.384573398677883	0.001	1	5
41	3.363940128928297	0.001	1	5
41	2.1015765508540856	0.001	1	5
41	1.3129318090767652	0.001	1	5
41	0.82023656696447	0.001	1	5
41	0.5124318118690067	0.001	1	5
41	0.3201349127692907	0.001	1	5
41	0.20000000000000004	0.001	1	5
42	0
11	0.5
0	60
42	1
41	10000.0	0.001	1	3
41	6247.366095435289	0.001	1	3
41	3902.9583130394367	0.001	1	3
41	2438.3209436779885	0.001	1	3
41	1523.3083593323645	0.001	1	3
41	951.666499698617	0.001	1	3
41	594.5409024378718	0.001	1	3
41	371.43146762398595	0.001	1	3
41	232.046835761186	0.001	1	3
41	144.96815342874743	0.001	1	3
41	90.56691266486177	0.001	1	3
41	56.58046595507063	0.001	1	3
41	35.34788846716389	0.001	1	3
41	22.083119995498773	0.001	1	3
41	13.796133514130814	0.001	1	3
41	8.618949676427935	0.001	1	3
41	5.384573398677883	0.001	1	3
41	3.363940128928297	0.001	1	3
41	2.1015765508540856	0.001	1	3
41	1.3129318090767652	0.001	1	3
41	0.82023656696447	0.001	1	3
41	0.5124318118690067	0.001	1	3
41	0.3201349127692907	0.001	1	3
41	0.20000000000000004	0.001	1	3
42	0
11	0.7
0	60
42	1
41	10000.0	0.001	1	1
41	6247.366095435289	0.001	1	1
41	3902.9583130394367	0.001	1	1
41	2438.3209436779885	0.001	1	1
41	1523.3083593323645	0.001	1	1
41	951.666499698617	0.001	1	1
41	594.5409024378718	0.001	1	1
41	371.43146762398595	0.001	1	1
41	232.046835761186	0.001	1	1
41	144.96815342874743	0.001	1	1
41	90.56691266486177	0.001	1	1
41	56.58046595507063	0.001	1	1
41	35.34788846716389	0.001	1	1
41	22.083119995498773	0.001	1	1
41	13.796133514130814	0.001	1	1
41	8.618949676427935	0.001	1	1
41	5.384573398677883	0.001	1	1
41	3.363940128928297	0.001	1	1
41	2.1015765508540856	0.001	1	1
41	1.3129318090767652	0.001	1	1
41	0.82023656696447	0.001	1	1
41	0.5124318118690067	0.001	1	1
41	0.3201349127692907	0.001	1	1
41	0.20000000000000004	0.001	1	1
42	0
11	0.9
0	60
42	1
41	10000.0	0.001	1	1
41	6247.366095435289	0.001	1	1
41	3902.9583130394367	0.001	1	1
41	2438.3209436779885	0.001	1	1
41	1523.3083593323645	0.001	1	1
41	951.666499698617	0.001	1	1
41	594.5409024378718	0.001	1	1
41	371.43146762398595	0.001	1	1
41	232.046835761186	0.001	1	1
41	144.96815342874743	0.001	1	1
41	90.56691266486177	0.001	1	1
41	56.58046595507063	0.001	1	1
41	35.34788846716389	0.001	1	1
41	22.083119995498773	0.001	1	1
41	13.796133514130814	0.001	1	1
41	8.618949676427935	0.001	1	1
41	5.384573398677883	0.001	1	1
41	3.363940128928297	0.001	1	1
41	2.1015765508540856	0.001	1	1
41	1.3129318090767652	0.001	1	1
41	0.82023656696447	0.001	1	1
41	0.5124318118690067	0.001	1	1
41	0.3201349127692907	0.001	1	1
41	0.20000000000000004	0.001	1	1
42	0
11	1.1
0	60
42	1
41	10000.0	0.001	1	1
41	6247.366095435289	0.001	1	1
41	3902.9583130394367	0.001	1	1
41	2438.3209436779885	0.001	1	1
41	1523.3083593323645	0.001	1	1
41	951.666499698617	0.001	1	1
41	594.5409024378718	0.001	1	1
41	371.43146762398595	0.001	1	1
41	232.046835761186	0.001	1	1
41	144.96815342874743	0.001	1	1
41	90.56691266486177	0.001	1	1
41	56.58046595507063	0.001	1	1
41	35.34788846716389	0.001	1	1
41	22.083119995498773	0.001	1	1
41	13.796133514130814	0.001	1	1
41	8.618949676427935	0.001	1	1
41	5.384573398677883	0.001	1	1
41	3.363940128928297	0.001	1	1
41	2.1015765508540856	0.001	1	1
41	1.3129318090767652	0.001	1	1
41	0.82023656696447	0.001	1	1
41	0.5124318118690067	0.001	1	1
41	0.3201349127692907	0.001	1	1
41	0.20000000000000004	0.001	1	1
42	0
2	-0.05	2
0	50
2	-0.05	2
0	50
2	-0.05	2
0	50
2	-0.05	2
0	50
2	-0.05	2
0	50
2	-0.05	2
0	50
2	0.6
21	80	77	78	0
-1	600
2	-0.001	1
0	50
11	0.1
0	60
42	1
41	10000.0	0.001	1	5
41	6247.366095435289	0.001	1	5
41	3902.9583130394367	0.001	1	5
41	2438.3209436779885	0.001	1	5
41	1523.3083593323645	0.001	1	5
41	951.666499698617	0.001	1	5
41	594.5409024378718	0.001	1	5
41	371.43146762398595	0.001	1	5
41	232.046835761186	0.001	1	5
41	144.96815342874743	0.001	1	5
41	90.56691266486177	0.001	1	5
41	56.58046595507063	0.001	1	5
41	35.34788846716389	0.001	1	5
41	22.083119995498773	0.001	1	5
41	13.796133514130814	0.001	1	5
41	8.618949676427935	0.001	1	5
41	5.384573398677883	0.001	1	5
41	3.363940128928297	0.001	1	5
41	2.1015765508540856	0.001	1	5
41	1.3129318090767652	0.001	1	5
41	0.82023656696447	0.001	1	5
41	0.5124318118690067	0.001	1	5
41	0.3201349127692907	0.001	1	5
41	0.20000000000000004	0.001	1	5
42	0
11	0.2
0	60
42	1
41	10000.0	0.001	1	5
41	6247.366095435289	0.001	1	5
41	3902.9583130394367	0.001	1	5
41	2438.3209436779885	0.001	1	5
41	1523.3083593323645	0.001	1	5
41	951.666499698617	0.001	1	5
41	594.5409024378718	0.001	1	5
41	371.43146762398595	0.001	1	5
41	232.046835761186	0.001	1	5
41	144.96815342874743	0.001	1	5
41	90.56691266486177	0.001	1	5
41	56.58046595507063	0.001	1	5
41	35.34788846716389	0.001	1	5
41	22.083119995498773	0.001	1	5
41	13.796133514130814	0.001	1	5
41	8.618949676427935	0.001	1	5
41	5.384573398677883	0.001	1	5
41	3.363940128928297	0.001	1	5
41	2.1015765508540856	0.001	1	5
41	1.3129318090767652	0.001	1	5
41	0.82023656696447	0.001	1	5
41	0.5124318118690067	0.001	1	5
41	0.3201349127692907	0.001	1	5
41	0.20000000000000004	0.001	1	5
42	0
11	0.3
0	60
42	1
41	10000.0	0.001	1	5
41	6247.366095435289	0.001	1	5
41	3902.9583130394367	0.001	1	5
41	2438.3209436779885	0.001	1	5
41	1523.3083593323645	0.001	1	5
41	951.666499698617	0.001	1	5
41	594.5409024378718	0.001	1	5
41	371.43146762398595	0.001	1	5
41	232.046835761186	0.001	1	5
41	144.96815342874743	0.001	1	5
41	90.56691266486177	0.001	1	5
41	56.58046595507063	0.001	1	5
41	35.34788846716389	0.001	1	5
41	22.083119995498773	0.001	1	5
41	13.796133514130814	0.001	1	5
41	8.618949676427935	0.001	1	5
41	5.384573398677883	0.001	1	5
41	3.363940128928297	0.001	1	5
41	2.1015765508540856	0.001	1	5
41	1.3129318090767652	0.001	1	5
41	0.82023656696447	0.001	1	5
41	0.5124318118690067	0.001	1	5
41	0.3201349127692907	0.001	1	5
41	0.20000000000000004	0.001	1	5
42	0
11	0.5
0	60
42	1
41	10000.0	0.001	1	3
41	6247.366095435289	0.001	1	3
41	3902.9583130394367	0.001	1	3
41	2438.3209436779885	0.001	1	3
41	1523.3083593323645	0.001	1	3
41	951.666499698617	0.001	1	3
41	594.5409024378718	0.001	1	3
41	371.43146762398595	0.001	1	3
41	232.046835761186	0.001	1	3
41	144.96815342874743	0.001	1	3
41	90.56691266486177	0.001	1	3
41	56.58046595507063	0.001	1	3
41	35.34788846716389	0.001	1	3
41	22.083119995498773	0.001	1	3
41	13.796133514130814	0.001	1	3
41	8.618949676427935	0.001	1	3
41	5.384573398677883	0.001	1	3
41	3.363940128928297	0.001	1	3
41	2.1015765508540856	0.001	1	3
41	1.3129318090767652	0.001	1	3
41	0.82023656696447	0.001	1	3
41	0.5124318118690067	0.001	1	3
41	0.3201349127692907	0.001	1	3
41	0.20000000000000004	0.001	1	3
42	0
11	0.7
0	60
42	1
41	10000.0	0.001	1	1
41	6247.366095435289	0.001	1	1
41	3902.9583130394367	0.001	1	1
41	2438.3209436779885	0.001	1	1
41	1523.3083593323645	0.001	1	1
41	951.666499698617	0.001	1	1
41	594.5409024378718	0.001	1	1
41	371.43146762398595	0.001	1	1
41	232.046835761186	0.001	1	1
41	144.96815342874743	0.001	1	1
41	90.56691266486177	0.001	1	1
41	56.58046595507063	0.001	1	1
41	35.34788846716389	0.001	1	1
41	22.083119995498773	0.001	1	1
41	13.796133514130814	0.001	1	1
41	8.618949676427935	0.001	1	1
41	5.384573398677883	0.001	1	1
41	3.363940128928297	0.001	1	1
41	2.1015765508540856	0.001	1	1
41	1.3129318090767652	0.001	1	1
41	0.82023656696447	0.001	1	1
41	0.5124318118690067	0.001	1	1
41	0.3201349127692907	0.001	1	1
41	0.20000000000000004	0.001	1	1
42	0
11	0.9
0	60
42	1
41	10000.0	0.001	1	1
41	6247.366095435289	0.001	1	1
41	3902.9583130394367	0.001	1	1
41	2438.3209436779885	0.001	1	1
41	1523.3083593323645	0.001	1	1
41	951.666499698617	0.001	1	1
41	594.5409024378718	0.001	1	1
41	371.43146762398595	0.001	1	1
41	232.046835761186	0.001	1	1
41	144.96815342874743	0.001	1	1
41	90.56691266486177	0.001	1	1
41	56.58046595507063	0.001	1	1
41	35.34788846716389	0.001	1	1
41	22.083119995498773	0.001	1	1
41	13.796133514130814	0.001	1	1
41	8.618949676427935	0.001	1	1
41	5.384573398677883	0.001	1	1
41	3.363940128928297	0.001	1	1
41	2.1015765508540856	0.001	1	1
41	1.3129318090767652	0.001	1	1
41	0.82023656696447	0.001	1	1
41	0.5124318118690067	0.001	1	1
41	0.3201349127692907	0.001	1	1
41	0.20000000000000004	0.001	1	1
42	0
11	1.1
0	60
42	1
41	10000.0	0.001	1	1
41	6247.366095435289	0.001	1	1
41	3902.9583130394367	0.001	1	1
41	2438.3209436779885	0.001	1	1
41	1523.3083593323645	0.001	1	1
41	951.666499698617	0.001	1	1
41	594.5409024378718	0.001	1	1
41	371.43146762398595	0.001	1	1
41	232.046835761186	0.001	1	1
41	144.96815342874743	0.001	1	1
41	90.56691266486177	0.001	1	1
41	56.58046595507063	0.001	1	1
41	35.34788846716389	0.001	1	1
41	22.083119995498773	0.001	1	1
41	13.796133514130814	0.001	1	1
41	8.618949676427935	0.001	1	1
41	5.384573398677883	0.001	1	1
41	3.363940128928297	0.001	1	1
41	2.1015765508540856	0.001	1	1
41	1.3129318090767652	0.001	1	1
41	0.82023656696447	0.001	1	1
41	0.5124318118690067	0.001	1	1
41	0.3201349127692907	0.001	1	1
41	0.20000000000000004	0.001	1	1
42	0
2	-0.05	2
0	50
2	-0.05	2
0	50
2	-0.05	2
0	50
2	-0.05	2
0	50
2	-0.05	2
0	50
2	-0.05	2
0	50
2	0.6
21	80	76	78	0
-1	600
2	-0.001	1
0	50
11	0.1
0	60
42	1
41	10000.0	0.001	1	5
41	6247.366095435289	0.001	1	5
41	3902.9583130394367	0.001	1	5
41	2438.3209436779885	0.001	1	5
41	1523.3083593323645	0.001	1	5
41	951.666499698617	0.001	1	5
41	594.5409024378718	0.001	1	5
41	371.43146762398595	0.001	1	5
41	232.046835761186	0.001	1	5
41	144.96815342874743	0.001	1	5
41	90.56691266486177	0.001	1	5
41	56.58046595507063	0.001	1	5
41	35.34788846716389	0.001	1	5
41	22.083119995498773	0.001	1	5
41	13.796133514130814	0.001	1	5
41	8.618949676427935	0.001	1	5
41	5.384573398677883	0.001	1	5
41	3.363940128928297	0.001	1	5
41	2.1015765508540856	0.001	1	5
41	1.3129318090767652	0.001	1	5
41	0.82023656696447	0.001	1	5
41	0.5124318118690067	0.001	1	5
41	0.3201349127692907	0.001	1	5
41	0.20000000000000004	0.001	1	5
42	0
11	0.2
0	60
42	1
41	10000.0	0.001	1	5
41	6247.366095435289	0.001	1	5
41	3902.9583130394367	0.001	1	5
41	2438.3209436779885	0.001	1	5
41	1523.3083593323645	0.001	1	5
41	951.666499698617	0.001	1	5
41	594.5409024378718	0.001	1	5
41	371.43146762398595	0.001	1	5
41	232.046835761186	0.001	1	5
41	144.96815342874743	0.001	1	5
41	90.56691266486177	0.001	1	5
41	56.58046595507063	0.001	1	5
41	35.34788846716389	0.001	1	5
41	22.083119995498773	0.001	1	5
41	13.796133514130814	0.001	1	5
41	8.618949676427935	0.001	1	5
41	5.384573398677883	0.001	1	5
41	3.363940128928297	0.001	1	5
41	2.1015765508540856	0.001	1	5
41	1.3129318090767652	0.001	1	5
41	0.82023656696447	0.001	1	5
41	0.5124318118690067	0.001	1	5
41	0.3201349127692907	0.001	1	5
41	0.20000000000000004	0.001	1	5
42	0
11	0.3
0	60
42	1
41	10000.0	0.001	1	5
41	6247.366095435289	0.001	1	5
41	3902.9583130394367	0.001	1	5
41	2438.3209436779885	0.001	1	5
41	1523.3083593323645	0.001	1	5
41	951.666499698617	0.001	1	5
41	594.5409024378718	0.001	1	5
41	371.43146762398595	0.001	1	5
41	232.046835761186	0.001	1	5
41	144.96815342874743	0.001	1	5
41	90.56691266486177	0.001	1	5
41	56.58046595507063	0.001	1	5
41	35.34788846716389	0.001	1	5
41	22.083119995498773	0.001	1	5
41	13.796133514130814	0.001	1	5
41	8.618949676427935	0.001	1	5
41	5.384573398677883	0.001	1	5
41	3.363940128928297	0.001	1	5
41	2.1015765508540856	0.001	1	5
41	1.3129318090767652	0.001	1	5
41	0.82023656696447	0.001	1	5
41	0.5124318118690067	0.001	1	5
41	0.3201349127692907	0.001	1	5
41	0.20000000000000004	0.001	1	5
42	0
11	0.5
0	60
42	1
41	10000.0	0.001	1	3
41	6247.366095435289	0.001	1	3
41	3902.9583130394367	0.001	1	3
41	2438.3209436779885	0.001	1	3
41	1523.3083593323645	0.001	1	3
41	951.666499698617	0.001	1	3
41	594.5409024378718	0.001	1	3
41	371.43146762398595	0.001	1	3
41	232.046835761186	0.001	1	3
41	144.96815342874743	0.001	1	3
41	90.56691266486177	0.001	1	3
41	56.58046595507063	0.001	1	3
41	35.34788846716389	0.001	1	3
41	22.083119995498773	0.001	1	3
41	13.796133514130814	0.001	1	3
41	8.618949676427935	0.001	1	3
41	5.384573398677883	0.001	1	3
41	3.363940128928297	0.001	1	3
41	2.1015765508540856	0.001	1	3
41	1.3129318090767652	0.001	1	3
41	0.82023656696447	0.001	1	3
41	0.5124318118690067	0.001	1	3
41	0.3201349127692907	0.001	1	3
41	0.20000000000000004	0.001	1	3
42	0
11	0.7
0	60
42	1
41	10000.0	0.001	1	1
41	6247.366095435289	0.001	1	1
41	3902.9583130394367	0.001	1	1
41	2438.3209436779885	0.001	1	1
41	1523.3083593323645	0.001	1	1
41	951.666499698617	0.001	1	1
41	594.5409024378718	0.001	1	1
41	371.43146762398595	0.001	1	1
41	232.046835761186	0.001	1	1
41	144.96815342874743	0.001	1	1
41	90.56691266486177	0.001	1	1
41	56.58046595507063	0.001	1	1
41	35.34788846716389	0.001	1	1
41	22.083119995498773	0.001	1	1
41	13.796133514130814	0.001	1	1
41	8.618949676427935	0.001	1	1
41	5.384573398677883	0.001	1	1
41	3.363940128928297	0.001	1	1
41	2.1015765508540856	0.001	1	1
41	1.3129318090767652	0.001	1	1
41	0.82023656696447	0.001	1	1
41	0.5124318118690067	0.001	1	1
41	0.3201349127692907	0.001	1	1
41	0.20000000000000004	0.001	1	1
42	0
11	0.9
0	60
42	1
41	10000.0	0.001	1	1
41	6247.366095435289	0.001	1	1
41	3902.9583130394367	0.001	1	1
41	2438.3209436779885	0.001	1	1
41	1523.3083593323645	0.001	1	1
41	951.666499698617	0.001	1	1
41	594.5409024378718	0.001	1	1
41	371.43146762398595	0.001	1	1
41	232.046835761186	0.001	1	1
41	144.96815342874743	0.001	1	1
41	90.56691266486177	0.001	1	1
41	56.58046595507063	0.001	1	1
41	35.34788846716389	0.001	1	1
41	22.083119995498773	0.001	1	1
41	13.796133514130814	0.001	1	1
41	8.618949676427935	0.001	1	1
41	5.384573398677883	0.001	1	1
41	3.363940128928297	0.001	1	1
41	2.1015765508540856	0.001	1	1
41	1.3129318090767652	0.001	1	1
41	0.82023656696447	0.001	1	1
41	0.5124318118690067	0.001	1	1
41	0.3201349127692907	0.001	1	1
41	0.20000000000000004	0.001	1	1
42	0
11	1.1
0	60
42	1
41	10000.0	0.001	1	1
41	6247.366095435289	0.001	1	1
41	3902.9583130394367	0.001	1	1
41	2438.3209436779885	0.001	1	1
41	1523.3083593323645	0.001	1	1
41	951.666499698617	0.001	1	1
41	594.5409024378718	0.001	1	1
41	371.43146762398595	0.001	1	1
41	232.046835761186	0.001	1	1
41	144.96815342874743	0.001	1	1
41	90.56691266486177	0.001	1	1
41	56.58046595507063	0.001	1	1
41	35.34788846716389	0.001	1	1
41	22.083119995498773	0.001	1	1
41	13.796133514130814	0.001	1	1
41	8.618949676427935	0.001	1	1
41	5.384573398677883	0.001	1	1
41	3.363940128928297	0.001	1	1
41	2.1015765508540856	0.001	1	1
41	1.3129318090767652	0.001	1	1
41	0.82023656696447	0.001	1	1
41	0.5124318118690067	0.001	1	1
41	0.3201349127692907	0.001	1	1
41	0.20000000000000004	0.001	1	1
42	0
2	-0.05	2
0	50
2	-0.05	2
0	50
2	-0.05	2
0	50
2	-0.05	2
0	50
2	-0.05	2
0	50
2	-0.05	2
0	50
2	0.6
21	80	76	77	0
-1	600
2	-0.001	1
0	50
11	0.1
0	60
42	1
41	10000.0	0.001	1	5
41	6247.366095435289	0.001	1	5
41	3902.9583130394367	0.001	1	5
41	2438.3209436779885	0.001	1	5
41	1523.3083593323645	0.001	1	5
41	951.666499698617	0.001	1	5
41	594.5409024378718	0.001	1	5
41	371.43146762398595	0.001	1	5
41	232.046835761186	0.001	1	5
41	144.96815342874743	0.001	1	5
41	90.56691266486177	0.001	1	5
41	56.58046595507063	0.001	1	5
41	35.34788846716389	0.001	1	5
41	22.083119995498773	0.001	1	5
41	13.796133514130814	0.001	1	5
41	8.618949676427935	0.001	1	5
41	5.384573398677883	0.001	1	5
41	3.363940128928297	0.001	1	5
41	2.1015765508540856	0.001	1	5
41	1.3129318090767652	0.001	1	5
41	0.82023656696447	0.001	1	5
41	0.5124318118690067	0.001	1	5
41	0.3201349127692907	0.001	1	5
41	0.20000000000000004	0.001	1	5
42	0
11	0.2
0	60
42	1
41	10000.0	0.001	1	5
41	6247.366095435289	0.001	1	5
41	3902.9583130394367	0.001	1	5
41	2438.3209436779885	0.001	1	5
41	1523.3083593323645	0.001	1	5
41	951.666499698617	0.001	1	5
41	594.5409024378718	0.001	1	5
41	371.43146762398595	0.001	1	5
41	232.046835761186	0.001	1	5
41	144.96815342874743	0.001	1	5
41	90.56691266486177	0.001	1	5
41	56.58046595507063	0.001	1	5
41	35.34788846716389	0.001	1	5
41	22.083119995498773	0.001	1	5
41	13.796133514130814	0.001	1	5
41	8.618949676427935	0.001	1	5
41	5.384573398677883	0.001	1	5
41	3.363940128928297	0.001	1	5
41	2.1015765508540856	0.001	1	5
41	1.3129318090767652	0.001	1	5
41	0.82023656696447	0.001	1	5
41	0.5124318118690067	0.001	1	5
41	0.3201349127692907	0.001	1	5
41	0.20000000000000004	0.001	1	5
42	0
11	0.3
0	60
42	1
41	10000.0	0.001	1	5
41	6247.366095435289	0.001	1	5
41	3902.9583130394367	0.001	1	5
41	2438.3209436779885	0.001	1	5
41	1523.3083593323645	0.001	1	5
41	951.666499698617	0.001	1	5
41	594.5409024378718	0.001	1	5
41	371.43146762398595	0.001	1	5
41	232.046835761186	0.001	1	5
41	144.96815342874743	0.001	1	5
41	90.56691266486177	0.001	1	5
41	56.58046595507063	0.001	1	5
41	35.34788846716389	0.001	1	5
41	22.083119995498773	0.001	1	5
41	13.796133514130814	0.001	1	5
41	8.618949676427935	0.001	1	5
41	5.384573398677883	0.001	1	5
41	3.363940128928297	0.001	1	5
41	2.1015765508540856	0.001	1	5
41	1.3129318090767652	0.001	1	5
41	0.82023656696447	0.001	1	5
41	0.5124318118690067	0.001	1	5
41	0.3201349127692907	0.001	1	5
41	0.20000000000000004	0.001	1	5
42	0
11	0.5
0	60
42	1
41	10000.0	0.001	1	3
41	6247.366095435289	0.001	1	3
41	3902.9583130394367	0.001	1	3
41	2438.3209436779885	0.001	1	3
41	1523.3083593323645	0.001	1	3
41	951.666499698617	0.001	1	3
41	594.5409024378718	0.001	1	3
41	371.43146762398595	0.001	1	3
41	232.046835761186	0.001	1	3
41	144.96815342874743	0.001	1	3
41	90.56691266486177	0.001	1	3
41	56.58046595507063	0.001	1	3
41	35.34788846716389	0.001	1	3
41	22.083119995498773	0.001	1	3
41	13.796133514130814	0.001	1	3
41	8.618949676427935	0.001	1	3
41	5.384573398677883	0.001	1	3
41	3.363940128928297	0.001	1	3
41	2.1015765508540856	0.001	1	3
41	1.3129318090767652	0.001	1	3
41	0.82023656696447	0.001	1	3
41	0.5124318118690067	0.001	1	3
41	0.3201349127692907	0.001	1	3
41	0.20000000000000004	0.001	1	3
42	0
11	0.7
0	60
42	1
41	10000.0	0.001	1	1
41	6247.366095435289	0.001	1	1
41	3902.9583130394367	0.001	1	1
41	2438.3209436779885	0.001	1	1
41	1523.3083593323645	0.001	1	1
41	951.666499698617	0.001	1	1
41	594.5409024378718	0.001	1	1
41	371.43146762398595	0.001	1	1
41	232.046835761186	0.001	1	1
41	144.96815342874743	0.001	1	1
41	90.56691266486177	0.001	1	1
41	56.58046595507063	0.001	1	1
41	35.34788846716389	0.001	1	1
41	22.083119995498773	0.001	1	1
41	13.796133514130814	0.001	1	1
41	8.618949676427935	0.001	1	1
41	5.384573398677883	0.001	1	1
41	3.363940128928297	0.001	1	1
41	2.1015765508540856	0.001	1	1
41	1.3129318090767652	0.001	1	1
41	0.82023656696447	0.001	1	1
41	0.5124318118690067	0.001	1	1
41	0.3201349127692907	0.001	1	1
41	0.20000000000000004	0.001	1	1
42	0
11	0.9
0	60
42	1
41	10000.0	0.001	1	1
41	6247.366095435289	0.001	1	1
41	3902.9583130394367	0.001	1	1
41	2438.3209436779885	0.001	1	1
41	1523.3083593323645	0.001	1	1
41	951.666499698617	0.001	1	1
41	594.5409024378718	0.001	1	1
41	371.43146762398595	0.001	1	1
41	232.046835761186	0.001	1	1
41	144.96815342874743	0.001	1	1
41	90.56691266486177	0.001	1	1
41	56.58046595507063	0.001	1	1
41	35.34788846716389	0.001	1	1
41	22.083119995498773	0.001	1	1
41	13.796133514130814	0.001	1	1
41	8.618949676427935	0.001	1	1
41	5.384573398677883	0.001	1	1
41	3.363940128928297	0.001	1	1
41	2.1015765508540856	0.001	1	1
41	1.3129318090767652	0.001	1	1
41	0.82023656696447	0.001	1	1
41	0.5124318118690067	0.001	1	1
41	0.3201349127692907	0.001	1	1
41	0.20000000000000004	0.001	1	1
42	0
11	1.1
0	60
42	1
41	10000.0	0.001	1	1
41	6247.366095435289	0.001	1	1
41	3902.9583130394367	0.001	1	1
41	2438.3209436779885	0.001	1	1
41	1523.3083593323645	0.001	1	1
41	951.666499698617	0.001	1	1
41	594.5409024378718	0.001	1	1
41	371.43146762398595	0.001	1	1
41	232.046835761186	0.001	1	1
41	144.96815342874743	0.001	1	1
41	90.56691266486177	0.001	1	1
41	56.58046595507063	0.001	1	1
41	35.34788846716389	0.001	1	1
41	22.083119995498773	0.001	1	1
41	13.796133514130814	0.001	1	1
41	8.618949676427935	0.001	1	1
41	5.384573398677883	0.001	1	1
41	3.363940128928297	0.001	1	1
41	2.1015765508540856	0.001	1	1
41	1.3129318090767652	0.001	1	1
41	0.82023656696447	0.001	1	1
41	0.5124318118690067	0.001	1	1
41	0.3201349127692907	0.001	1	1
41	0.20000000000000004	0.001	1	1
42	0
2	-0.05	2
0	50
2	-0.05	2
0	50
2	-0.05	2
0	50
2	-0.05	2
0	50
2	-0.05	2
0	50
2	-0.05	2
0	50
2	0.6
